3
3 3
3 2 1 
1 2 3
3 2 1
1 2 3
3 2 1
1 2 3
3 3 
3 2 5 
8 9 1 
4 7 6 
1 1 1 
1 1 1 
1 1 1 
44 9
14 35 90 25 6 28 12 55 59
57 88 93 63 48 38 90 23 39
66 17 96 20 73 40 67 49 81
41 7 38 59 80 78 21 8 84
5 99 9 56 6 6 28 49 36
91 40 40 38 85 3 55 44 28
72 96 2 10 95 45 94 36 80
19 81 96 9 8 13 59 38 36
69 57 52 21 15 9 43 40 22
79 6 41 88 50 83 64 68 11
16 30 25 87 74 15 28 81 68
71 16 18 91 51 68 52 60 97
99 100 42 35 52 65 53 66 35
97 16 25 71 36 2 60 65 24
17 28 9 37 9 54 69 72 50
72 51 36 80 35 32 94 72 54
93 84 37 82 22 85 71 10 39
76 45 48 86 68 9 95 67 88
47 12 49 33 53 2 22 71 39
30 37 95 72 9 42 53 75 91
83 93 41 1 30 92 27 72 41
1 11 60 84 53 95 86 2 76
36 58 80 29 14 31 50 6 10
7 54 12 81 2 37 97 9 7
36 52 5 38 7 36 96 85 15
11 55 81 58 28 24 59 76 72
87 27 85 3 50 30 63 43 38
30 38 40 93 48 40 79 41 5
52 73 10 76 15 69 65 72 28
78 25 25 95 53 46 52 38 7
80 49 74 26 17 25 90 43 71
9 78 63 95 70 22 68 57 12
84 82 70 28 59 37 31 78 5
66 6 43 22 61 19 67 7 96
10 87 17 40 68 42 51 51 97
18 27 21 1 93 29 59 53 73
91 1 47 62 66 8 48 96 78
42 33 63 21 17 15 25 99 90
97 44 37 85 88 99 42 34 84
14 3 79 19 14 13 11 48 81
93 5 74 91 75 26 19 26 17
64 1 63 2 5 79 14 28 79
83 37 42 85 98 39 43 46 13
13 18 56 70 1 2 83 27 82
96 30 89 39 1 23 27 11 57
48 55 86 25 38 58 81 13 96
44 58 25 73 45 95 62 44 69
57 81 72 29 94 51 18 84 42
79 52 61 33 59 10 13 42 45
97 87 39 11 16 91 2 65 41
96 57 75 91 11 26 39 32 18
88 75 21 61 82 35 19 99 7
93 63 85 89 97 82 45 35 18
72 48 61 26 10 100 73 27 53
90 72 8 64 16 49 88 65 19
56 14 83 54 22 3 49 89 35
87 46 94 25 23 53 38 28 7
23 97 63 98 58 72 24 73 100
72 65 51 36 28 15 30 80 12
6 62 19 92 16 62 44 61 51
83 90 71 2 20 90 41 84 44
17 1 90 60 52 73 83 27 17
5 13 13 22 93 54 48 50 66
92 34 37 81 93 64 51 45 89
17 96 89 37 49 51 17 67 19
16 90 35 47 76 34 87 93 4
12 58 37 84 30 27 51 47 51
31 45 70 43 61 36 10 35 81
97 40 5 93 70 8 91 98 55
70 25 20 80 30 13 88 10 51
46 22 26 70 27 99 42 10 63
38 84 67 41 70 42 87 37 85
39 97 3 49 49 39 34 14 7
17 63 12 72 36 71 6 89 52
23 56 55 36 95 8 95 88 56
3 57 14 50 85 67 68 54 53
43 99 92 66 57 27 83 94 47
76 100 91 16 82 63 40 39 64
44 27 40 36 18 27 49 52 85
46 74 36 57 23 27 8 100 30
91 45 34 79 36 59 83 63 84
77 86 12 25 92 8 23 34 20
100 39 97 80 93 64 26 58 82
15 4 40 21 9 80 37 1 48
26 69 1 42 82 92 82 20 32
79 26 84 6 50 21 100 92 33
64 62 87 15 8 72 61 88 94
63 51 9 19 79 86 59 39 18